100 0.624547 0.890625
200 0.349334 0.843750
300 0.247068 0.906250
400 0.096928 0.984375
500 0.101637 0.953125
600 0.190178 0.937500
700 0.063106 0.984375
800 0.081976 0.968750
900 0.012566 1.000000
1000 0.117692 0.953125
1100 0.022027 1.000000
1200 0.051616 0.968750
1300 0.102171 0.953125
1400 0.012889 1.000000
1500 0.038411 0.984375
1600 0.020253 1.000000
1700 0.046561 1.000000
1800 0.077385 0.953125
1900 0.032732 1.000000
2000 0.060791 0.968750
2100 0.019123 1.000000
2200 0.020712 1.000000
2300 0.075854 0.984375
2400 0.096661 0.968750
2500 0.006001 1.000000
2600 0.042298 0.984375
2700 0.008594 1.000000
2800 0.028251 0.984375
2900 0.031205 0.984375
3000 0.054626 0.984375
3100 0.015399 1.000000
3200 0.023235 1.000000
3300 0.003946 1.000000
3400 0.033259 0.984375
3500 0.014130 1.000000
3600 0.034166 0.984375
3700 0.021736 0.984375
3800 0.020697 0.984375
3900 0.037785 0.984375
4000 0.011346 1.000000
4100 0.052895 0.984375
4200 0.005574 1.000000
4300 0.009826 1.000000
4400 0.016881 0.984375
4500 0.013974 1.000000
4600 0.002169 1.000000
4700 0.009196 1.000000
4800 0.012902 1.000000
4900 0.002063 1.000000
5000 0.003730 1.000000
5100 0.034267 0.984375
5200 0.041168 0.968750
5300 0.010067 1.000000
5400 0.026754 0.984375
5500 0.070654 0.984375
5600 0.024493 1.000000
5700 0.071268 0.968750
5800 0.014757 1.000000
5900 0.002123 1.000000
6000 0.005028 1.000000
6100 0.000496 1.000000
6200 0.114312 0.968750
6300 0.005134 1.000000
6400 0.005906 1.000000
6500 0.026499 0.984375
6600 0.004093 1.000000
6700 0.034864 0.984375
6800 0.004440 1.000000
6900 0.001313 1.000000
7000 0.009794 1.000000
7100 0.004137 1.000000
7200 0.004590 1.000000
7300 0.002671 1.000000
7400 0.004434 1.000000
7600 0.017657 1.000000
7700 0.006187 1.000000
7800 0.002728 1.000000
7900 0.003300 1.000000
8000 0.004309 1.000000
8100 0.004114 1.000000
8200 0.002093 1.000000
8300 0.028684 0.984375
8400 0.006300 1.000000
8500 0.001218 1.000000
8600 0.003773 1.000000
8700 0.001446 1.000000
8800 0.029216 0.984375
8900 0.028598 0.984375
9000 0.044865 0.968750
9100 0.001943 1.000000
9200 0.012720 1.000000
9300 0.006318 1.000000
9400 0.042300 0.984375
9500 0.005023 1.000000
9600 0.011477 1.000000
9700 0.099795 0.968750
9800 0.002175 1.000000
9900 0.002523 1.000000
10000 0.020095 0.984375
